20120822
20120829
20120905
20120912
20120919
20120926
20121003
20121010
20121017
20121024
20121031
20121107
20121114
20121121
20121128
20121205
20121212
20121219
20121226
20130102
20130109
20130116
20130123
20130130
20130206
20130213
20130220
20130227
20130306
20130313
20130320
20130327
20130403
20130410
20130417
20130424
20130501
20130508
20130515
20130522
20130529
20130605
20130612
20130619
20130626
20130703
20130710
20130717
20130724
20130731
20130807
20130814
20130821
20130828
20130904
20130911
20130918
20130925
20131002
20131009
20131016
20131023
20131030
20131106
20131113
20131120
20131127
20131204
20131211
20131218
20131225
20140101
20140108
20140115
20140122
20140129
20140205
20140212
20140219
20140226
20140305
20140312
20140319
20140326
20140402
20140409
20140416
20140423
20140430
20140507
20140514
20140521
20140528
20140604
20140611
20140618
20140625
20140702
20140709
20140716
20140723
20140730
20140806
20140813
20140820
20140827
20140903
20140910
20140917
20140924
20141001
20141008
20141015
20141022
20141029
20141105
20141112
20141119
20141126
20141203
20141210
20141217
20141224
20141231
20150107
20150114
20150121
20150128
20150204
20150211
20150218
20150225
20150304
20150311
20150318
20150325
20150401
20150408
20150415
20150422
20150429
20150506
20150513
20150520
20150527
20150603
20150610
20150617