06202012
06272012
07042012
07112012
07182012
07252012
08012012
08082012
08152012
08222012
08292012
09052012
09122012
09192012
09262012
10032012
10102012
10172012
10242012
10312012
11072012
11142012
11212012
11282012
12052012
12122012
12192012
12262012
01022013
01092013
01162013
01232013
01302013
02062013
02132013
02202013
02272013
03062013
03132013
03202013
03272013
04032013
04102013
04172013
04242013
05012013
05082013
05152013
05222013
05292013
06052013
06122013
06192013
06262013
07032013
07102013
07172013
07242013
07312013
08072013
08142013
08212013
08282013
09042013
09112013
09182013
09252013
10022013
10092013
10162013
10232013
10302013
11062013
11132013
11202013
11272013
12042013
12112013
12182013
12252013
01012014
01082014
01152014
01222014
01292014
02052014
02122014
02192014
02262014
03052014
03122014
03192014
03262014
04022014
04092014
04162014
04232014
04302014
05072014
05142014
05212014
05282014
06042014
06112014
06182014
06252014
07022014
07092014
07162014
07232014
07302014
08062014
08132014
08202014
08272014
09032014
09102014
09172014
09242014
10012014
10082014
10152014
10222014
10292014
11052014
11122014
11192014
11262014
12032014
12102014
12172014
12242014
12312014
01072015
01142015
01212015
01282015
02042015
02112015
02182015
02252015
03042015
03112015
03182015
03252015
04012015
04082015
04152015
04222015
04292015
05062015
05132015
05202015
05272015
06032015
06102015
06172015
